date	day	week	n	person	p.r	oneday	twoday	threeday	fourday	fiveday	sixday	sevenday	oneweek	twoweek
2020-02-24	월	1	423	8	0.01891253	0	0	0	0	0	0	0	0	0
2020-02-25	화	1	324	18	0.055555556	0.01891253	0	0	0	0	0	0	0	0
2020-02-26	수	1	771	13	0.016861219	0.055555556	0.037234043	0	0	0	0	0	0	0
2020-02-27	목	1	954	8	0.008385744	0.016861219	0.036208387	0.030443101	0	0	0	0	0	0
2020-02-28	금	1	1313	5	0.003808073	0.008385744	0.012623482	0.026934173	0.024928762	0	0	0	0	0
2020-02-29	토	1	1095	14	0.012785388	0.003808073	0.006096909	0.009685012	0.021152648	0.020704624	0	0	0	0
2020-03-01	일	2	937	4	0.004268943	0.012785388	0.008296731	0.008326402	0.010460106	0.019479196	0.019384752	0	0.019384752	0
2020-03-02	월	2	699	6	0.008583691	0.004268943	0.008527166	0.006954135	0.007312037	0.009221874	0.016944154	0.01722535	0.019384752	0
2020-03-03	화	2	25	2	0.08	0.008583691	0.006426317	0.008546008	0.007361524	0.007566368	0.00911551	0.015749802	0.019384752	0
2020-03-04	수	2	1630	3	0.001840491	0.08	0.044291845	0.030950878	0.026409506	0.021889219	0.01963864	0.019241866	0.019384752	0
2020-03-05	목	2	670	0	0	0.001840491	0.040920245	0.030141394	0.023673281	0.021495703	0.018547764	0.017096047	0.019384752	0
2020-03-06	금	2	450	3	0.006666667	0	0.000920245	0.027280164	0.022606045	0.018938625	0.017913086	0.015898084	0.019384752	0
2020-03-07	토	2	526	1	0.001901141	0.006666667	0.003333333	0.002835719	0.022126789	0.01941817	0.016893299	0.016306454	0.019384752	0
2020-03-08	일	3	345	1	0.002898551	0.001901141	0.004283904	0.002855936	0.002602075	0.01808166	0.016498665	0.014751562	0.014751562	0.016889957
2020-03-09	월	3	263	0	0	0.002898551	0.002399846	0.003822119	0.00286659	0.00266137	0.015551141	0.014555791	0.014751562	0.016889957
2020-03-10	화	3	554	0	0	0	0.001449275	0.001599897	0.00286659	0.002293272	0.002217808	0.01332955	0.014751562	0.016889957
2020-03-11	수	3	471	2	0.004246285	0	0	0.000966184	0.001199923	0.002293272	0.00191106	0.001900978	0.014751562	0.016889957
2020-03-12	목	3	428	2	0.004672897	0.004246285	0.002123142	0.001415428	0.001786209	0.001809195	0.002618774	0.002244663	0.014751562	0.016889957
2020-03-13	금	3	481	1	0.002079002	0.004672897	0.004459591	0.002973061	0.002229795	0.002363546	0.002286479	0.00291222	0.014751562	0.016889957
2020-03-14	토	3	469	3	0.006396588	0.002079002	0.00337595	0.003666061	0.002749546	0.002199637	0.002316122	0.002256839	0.014751562	0.016889957
2020-03-15	일	4	351	3	0.008547009	0.006396588	0.004237795	0.004382829	0.004348693	0.003478954	0.002899129	0.002899046	0.002899046	0.016889957
2020-03-16	월	4	378	1	0.002645503	0.008547009	0.007471799	0.0056742	0.005423874	0.005188356	0.00432363	0.003705969	0.002899046	0.016889957
2020-03-17	화	4	477	0	0	0.002645503	0.005596256	0.005863033	0.004917025	0.0048682	0.004764547	0.004083898	0.002899046	0.016889957
2020-03-18	수	4	642	0	0	0	0.001322751	0.003730837	0.004397275	0.00393362	0.004056833	0.004083898	0.002899046	0.016889957
2020-03-19	목	4	443	0	0	0	0	0.000881834	0.002798128	0.00351782	0.003278017	0.003477286	0.002899046	0.016889957
2020-03-20	금	4	437	1	0.00228833	0	0	0	0.000661376	0.002238502	0.002931517	0.002809729	0.002899046	0.016889957
2020-03-21	토	4	355	0	0	0.00228833	0.001144165	0.000762777	0.000572082	0.000986766	0.002246807	0.002839633	0.002899046	0.016889957
2020-03-22	일	5	276	0	0	0	0.001144165	0.000762777	0.000572082	0.000457666	0.000822305	0.001925834	0.001925834	0.00241244
2020-03-23	월	5	194	1	0.005154639	0	0	0.000762777	0.000572082	0.000457666	0.000381388	0.000704833	0.001925834	0.00241244
2020-03-24	화	5	331	2	0.006042296	0.005154639	0.00257732	0.001718213	0.001860742	0.001488594	0.001240495	0.001063281	0.001925834	0.00241244
2020-03-25	수	5	407	1	0.002457002	0.006042296	0.005598468	0.003732312	0.002799234	0.002697053	0.002247544	0.001926466	0.001925834	0.00241244
2020-03-26	목	5	386	0	0	0.002457002	0.004249649	0.004551313	0.003413484	0.002730788	0.002657045	0.002277467	0.001925834	0.00241244
2020-03-27	금	5	318	1	0.003144654	0	0.001228501	0.0028331	0.003413484	0.002730788	0.002275656	0.002277467	0.001925834	0.00241244
2020-03-28	토	5	463	1	0.002159827	0.003144654	0.001572327	0.001867219	0.002910988	0.003359718	0.002799765	0.002399799	0.001925834	0.00241244
2020-03-29	일	6	300	3	0.01	0.002159827	0.002652241	0.00176816	0.001940371	0.002760756	0.003159737	0.002708346	0.002708346	0.00241244
2020-03-30	월	6	221	1	0.004524887	0.01	0.006079914	0.005101494	0.00382612	0.003552297	0.003967297	0.004136917	0.002708346	0.00241244
2020-03-31	화	6	371	1	0.002695418	0.004524887	0.007262443	0.005561571	0.004957342	0.003965874	0.003714395	0.004046952	0.002708346	0.00241244
2020-04-01	수	6	462	3	0.006493506	0.002695418	0.003610152	0.005740102	0.004845033	0.004504957	0.003754131	0.003568827	0.002708346	0.00241244
2020-04-02	목	6	376	0	0	0.006493506	0.004594462	0.00457127	0.005928453	0.005174728	0.004836382	0.00414547	0.002708346	0.00241244
2020-04-03	금	6	398	0	0	0	0.003246753	0.003062975	0.003428453	0.004742762	0.004312273	0.00414547	0.002708346	0.00241244
2020-04-04	토	6	386	0	0	0	0	0.002164502	0.002297231	0.002742762	0.003952302	0.003696234	0.002708346	0.00241244
2020-04-05	일	7	239	0	0	0	0	0	0.001623377	0.001837785	0.002285635	0.003387687	0.003387687	0.003048016
2020-04-06	월	7	276	0	0	0	0	0	0	0.001298701	0.001531487	0.001959116	0.003387687	0.003048016
2020-04-07	화	7	258	1	0.003875969	0	0	0	0	0	0.001082251	0.001312703	0.003387687	0.003048016
2020-04-08	수	7	647	2	0.00309119	0.003875969	0.001937984	0.00129199	0.000968992	0.000775194	0.000645995	0.001481354	0.003387687	0.003048016
2020-04-09	목	7	598	0	0	0.00309119	0.00348358	0.002322386	0.00174179	0.001393432	0.001161193	0.000995308	0.003387687	0.003048016
2020-04-10	금	7	534	1	0.001872659	0	0.001545595	0.002322386	0.00174179	0.001393432	0.001161193	0.000995308	0.003387687	0.003048016
2020-04-11	토	7	635	0	0	0.001872659	0.00093633	0.001654616	0.002209955	0.001767964	0.001473303	0.001262831	0.003387687	0.003048016
2020-04-12	일	8	535	0	0	0	0.00093633	0.00062422	0.001240962	0.001767964	0.001473303	0.001262831	0.001262831	0.003048016
2020-04-13	월	8	286	0	0	0	0	0.00062422	0.000468165	0.00099277	0.001473303	0.001262831	0.001262831	0.003048016
2020-04-14	화	8	309	0	0	0	0	0	0.000468165	0.000374532	0.000827308	0.001262831	0.001262831	0.003048016
2020-04-15	수	8	313	1	0.003194888	0	0	0	0	0.000374532	0.00031211	0.000709121	0.001262831	0.003048016
2020-04-16	목	8	418	3	0.007177033	0.003194888	0.001597444	0.001064963	0.000798722	0.000638978	0.000844591	0.000723935	0.001262831	0.003048016
2020-04-17	금	8	644	0	0	0.007177033	0.005185961	0.003457307	0.00259298	0.002074384	0.001728654	0.001749226	0.001262831	0.003048016
2020-04-18	토	8	394	0	0	0	0.003588517	0.003457307	0.00259298	0.002074384	0.001728654	0.001481703	0.001262831	0.003048016
2020-04-19	일	9	281	0	0	0	0	0.002392344	0.00259298	0.002074384	0.001728654	0.001481703	0.001481703	0.001372267
2020-04-20	월	9	490	2	0.004081633	0	0	0	0.001794258	0.002074384	0.001728654	0.001481703	0.001481703	0.001372267
2020-04-21	화	9	492	0	0	0.004081633	0.002040816	0.001360544	0.001020408	0.002251733	0.002408926	0.002064793	0.001481703	0.001372267
2020-04-22	수	9	662	2	0.003021148	0	0.002040816	0.001360544	0.001020408	0.000816327	0.001876444	0.002064793	0.001481703	0.001372267
2020-04-23	목	9	319	1	0.003134796	0.003021148	0.001510574	0.002367594	0.001775695	0.001420556	0.001183797	0.002039973	0.001481703	0.001372267
2020-04-24	금	9	403	1	0.00248139	0.003134796	0.003077972	0.002051981	0.002559394	0.002047515	0.001706263	0.001462511	0.001481703	0.001372267
2020-04-25	토	9	382	0	0	0.00248139	0.002808093	0.002879111	0.002159333	0.002543793	0.002119828	0.001816995	0.001481703	0.001372267
2020-04-26	일	10	380	1	0.002631579	0	0.001240695	0.001872062	0.002159333	0.001727467	0.002119828	0.001816995	0.001816995	0.001372267
2020-04-27	월	10	463	0	0	0.002631579	0.001315789	0.001704323	0.002061941	0.002253783	0.001878152	0.002192935	0.001816995	0.001372267
2020-04-28	화	10	433	0	0	0	0.001315789	0.000877193	0.001278242	0.001649553	0.001878152	0.001609845	0.001816995	0.001372267
2020-04-29	수	10	408	0	0	0	0	0.000877193	0.000657895	0.001022594	0.001374627	0.001609845	0.001816995	0.001372267
2020-04-30	목	10	302	0	0	0	0	0	0.000657895	0.000526316	0.000852161	0.001178252	0.001816995	0.001372267
2020-05-01	금	10	277	0	0	0	0	0	0	0.000526316	0.000438596	0.000730424	0.001816995	0.001372267
2020-05-02	토	10	397	1	0.002518892	0	0	0	0	0	0.000438596	0.00037594	0.001816995	0.001372267
2020-05-03	일	11	262	0	0	0.002518892	0.001259446	0.000839631	0.000629723	0.000503778	0.000419815	0.000735782	0.000735782	0.001276388
2020-05-04	월	11	263	0	0	0	0.001259446	0.000839631	0.000629723	0.000503778	0.000419815	0.000359842	0.000735782	0.001276388
2020-05-05	화	11	230	0	0	0	0	0.000839631	0.000629723	0.000503778	0.000419815	0.000359842	0.000735782	0.001276388
2020-05-06	수	11	273	0	0	0	0	0	0.000629723	0.000503778	0.000419815	0.000359842	0.000735782	0.001276388
2020-05-07	목	11	279	0	0	0	0	0	0	0.000503778	0.000419815	0.000359842	0.000735782	0.001276388
2020-05-08	금	11	308	2	0.006493506	0	0	0	0	0	0.000419815	0.000359842	0.000735782	0.001276388
2020-05-09	토	11	270	1	0.003703704	0.006493506	0.003246753	0.002164502	0.001623377	0.001298701	0.001082251	0.001287485	0.000735782	0.001276388
2020-05-10	일	12	273	0	0	0.003703704	0.005098605	0.00339907	0.002549303	0.002039442	0.001699535	0.001456744	0.001456744	0.001276388
2020-05-11	월	12	286	0	0	0	0.001851852	0.00339907	0.002549303	0.002039442	0.001699535	0.001456744	0.001456744	0.001276388
2020-05-12	화	12	341	0	0	0	0	0.001234568	0.002549303	0.002039442	0.001699535	0.001456744	0.001456744	0.001276388
2020-05-13	수	12	576	3	0.005208333	0	0	0	0.000925926	0.002039442	0.001699535	0.001456744	0.001456744	0.001276388
2020-05-14	목	12	420	0	0	0.005208333	0.002604167	0.001736111	0.001302083	0.001782407	0.002567591	0.002200792	0.001456744	0.001276388
2020-05-15	금	12	542	0	0	0	0.002604167	0.001736111	0.001302083	0.001041667	0.00148534	0.002200792	0.001456744	0.001276388
2020-05-16	토	12	413	0	0	0	0	0.001736111	0.001302083	0.001041667	0.000868056	0.001273148	0.001456744	0.001276388
2020-05-17	일	13	428	0	0	0	0	0	0.001302083	0.001041667	0.000868056	0.000744048	0.000744048	0.001100396
2020-05-18	월	13	321	0	0	0	0	0	0	0.001041667	0.000868056	0.000744048	0.000744048	0.001100396
2020-05-19	화	13	553	0	0	0	0	0	0	0	0.000868056	0.000744048	0.000744048	0.001100396
2020-05-20	수	13	447	0	0	0	0	0	0	0	0	0.000744048	0.000744048	0.001100396
2020-05-21	목	13	435	0	0	0	0	0	0	0	0	0	0.000744048	0.001100396
2020-05-22	금	13	458	0	0	0	0	0	0	0	0	0	0.000744048	0.001100396
2020-05-23	토	13	482	0	0	0	0	0	0	0	0	0	0.000744048	0.001100396
2020-05-24	일	14	429	0	0	0	0	0	0	0	0	0	0	0.001100396
2020-05-25	월	14	310	0	0	0	0	0	0	0	0	0	0	0.001100396
2020-05-26	화	14	526	0	0	0	0	0	0	0	0	0	0	0.001100396
2020-05-27	수	14	523	0	0	0	0	0	0	0	0	0	0	0.001100396
2020-05-28	목	14	438	1	0.002283105	0	0	0	0	0	0	0	0	0.001100396
2020-05-29	금	14	655	0	0	0.002283105	0.001141553	0.000761035	0.000570776	0.000456621	0.000380518	0.000326158	0	0.001100396
2020-05-30	토	14	626	1	0.001597444	0	0.001141553	0.000761035	0.000570776	0.000456621	0.000380518	0.000326158	0	0.001100396
2020-05-31	일	15	529	1	0.001890359	0.001597444	0.000798722	0.001293516	0.000970137	0.00077611	0.000646758	0.000554364	0.000554364	0.000277182
2020-06-01	월	15	456	0	0	0.001890359	0.001743902	0.001162601	0.001442727	0.001154182	0.000961818	0.000824415	0.000554364	0.000277182
2020-06-02	화	15	737	0	0	0	0.00094518	0.001162601	0.000871951	0.001154182	0.000961818	0.000824415	0.000554364	0.000277182
2020-06-03	수	15	1092	0	0	0	0	0.00063012	0.000871951	0.000697561	0.000961818	0.000824415	0.000554364	0.000277182
2020-06-04	목	15	905	0	0	0	0	0	0.00047259	0.000697561	0.000581301	0.000824415	0.000554364	0.000277182
2020-06-05	금	15	854	0	0	0	0	0	0	0.000378072	0.000581301	0.000498258	0.000554364	0.000277182
2020-06-06	토	15	723	0	0	0	0	0	0	0	0.00031506	0.000498258	0.000554364	0.000277182
2020-06-07	일	16	486	0	0	0	0	0	0	0	0	0.000270051	0.000270051	0.000277182
2020-06-08	월	16	443	0	0	0	0	0	0	0	0	0	0.000270051	0.000277182
2020-06-09	화	16	546	0	0	0	0	0	0	0	0	0	0.000270051	0.000277182
2020-06-10	수	16	810	0	0	0	0	0	0	0	0	0	0.000270051	0.000277182
2020-06-11	목	16	411	0	0	0	0	0	0	0	0	0	0.000270051	0.000277182
2020-06-12	금	16	593	0	0	0	0	0	0	0	0	0	0.000270051	0.000277182
2020-06-13	토	16	784	0	0	0	0	0	0	0	0	0	0.000270051	0.000277182
2020-06-14	일	17	454	0	0	0	0	0	0	0	0	0	0	0.000135026
2020-06-15	월	17	343	0	0	0	0	0	0	0	0	0	0	0.000135026
2020-06-16	화	17	595	1	0.001680672	0	0	0	0	0	0	0	0	0.000135026
2020-06-17	수	17	453	0	0	0.001680672	0.000840336	0.000560224	0.000420168	0.000336134	0.000280112	0.000240096	0	0.000135026
2020-06-18	목	17	545	0	0	0	0.000840336	0.000560224	0.000420168	0.000336134	0.000280112	0.000240096	0	0.000135026
2020-06-19	금	17	495	0	0	0	0	0.000560224	0.000420168	0.000336134	0.000280112	0.000240096	0	0.000135026
2020-06-20	토	17	485	2	0.004123711	0	0	0	0.000420168	0.000336134	0.000280112	0.000240096	0	0.000135026
2020-06-21	일	18	315	0	0	0.004123711	0.002061856	0.00137457	0.001030928	0.001160877	0.000967397	0.000829198	0.000829198	0.000135026
2020-06-22	월	18	380	0	0	0	0.002061856	0.00137457	0.001030928	0.000824742	0.000967397	0.000829198	0.000829198	0.000135026
2020-06-23	화	18	558	0	0	0	0	0.00137457	0.001030928	0.000824742	0.000687285	0.000829198	0.000829198	0.000135026
2020-06-24	수	18	408	2	0.004901961	0	0	0	0.001030928	0.000824742	0.000687285	0.000589102	0.000829198	0.000135026
2020-06-25	목	18	613	0	0	0.004901961	0.00245098	0.001633987	0.00122549	0.001805134	0.001504279	0.001289382	0.000829198	0.000135026
2020-06-26	금	18	427	0	0	0	0.00245098	0.001633987	0.00122549	0.000980392	0.001504279	0.001289382	0.000829198	0.000135026
2020-06-27	토	18	618	0	0	0	0	0.001633987	0.00122549	0.000980392	0.000816993	0.001289382	0.000829198	0.000135026
2020-06-28	일	19	387	0	0	0	0	0	0.00122549	0.000980392	0.000816993	0.00070028	0.00070028	0.000764739
2020-06-29	월	19	288	1	0.003472222	0	0	0	0	0.000980392	0.000816993	0.00070028	0.00070028	0.000764739
2020-06-30	화	19	596	1	0.001677852	0.003472222	0.001736111	0.001157407	0.000868056	0.000694444	0.001395697	0.001196312	0.00070028	0.000764739
2020-07-01	수	19	496	0	0	0.001677852	0.002575037	0.001716692	0.001287519	0.001030015	0.000858346	0.001436005	0.00070028	0.000764739
2020-07-02	목	19	488	0	0	0	0.000838926	0.001716692	0.001287519	0.001030015	0.000858346	0.000735725	0.00070028	0.000764739
2020-07-03	금	19	469	0	0	0	0	0.000559284	0.001287519	0.001030015	0.000858346	0.000735725	0.00070028	0.000764739
2020-07-04	토	19	537	1	0.001862197	0	0	0	0.000419463	0.001030015	0.000858346	0.000735725	0.00070028	0.000764739
2020-07-05	일	20	517	0	0	0.001862197	0.000931099	0.000620732	0.000465549	0.00070801	0.001168712	0.001001753	0.001001753	0.000764739
2020-07-06	월	20	289	1	0.003460208	0	0.000931099	0.000620732	0.000465549	0.000372439	0.000590008	0.001001753	0.001001753	0.000764739
2020-07-07	화	20	486	0	0	0.003460208	0.001730104	0.001774135	0.001330601	0.001064481	0.000887068	0.001000037	0.001001753	0.000764739
2020-07-08	수	20	456	0	0	0	0.001730104	0.001153403	0.001330601	0.001064481	0.000887068	0.000760344	0.001001753	0.000764739
2020-07-09	목	20	478	0	0	0	0	0.001153403	0.000865052	0.001064481	0.000887068	0.000760344	0.001001753	0.000764739
2020-07-10	금	20	521	0	0	0	0	0	0.000865052	0.000692042	0.000887068	0.000760344	0.001001753	0.000764739
2020-07-11	토	20	495	0	0	0	0	0	0	0.000692042	0.000576701	0.000760344	0.001001753	0.000764739
2020-07-12	일	21	421	0	0	0	0	0	0	0	0.000576701	0.000494315	0.000494315	0.000748034
2020-07-13	월	21	328	0	0	0	0	0	0	0	0	0.000494315	0.000494315	0.000748034
2020-07-14	화	21	395	0	0	0	0	0	0	0	0	0	0.000494315	0.000748034
2020-07-15	수	21	456	0	0	0	0	0	0	0	0	0	0.000494315	0.000748034
2020-07-16	목	21	468	0	0	0	0	0	0	0	0	0	0.000494315	0.000748034
2020-07-17	금	21	499	0	0	0	0	0	0	0	0	0	0.000494315	0.000748034
2020-07-18	토	21	602	1	0.00166113	0	0	0	0	0	0	0	0.000494315	0.000748034
2020-07-19	일	22	392	0	0	0.00166113	0.000830565	0.00055371	0.000415282	0.000332226	0.000276855	0.000237304	0.000237304	0.000748034
2020-07-20	월	22	278	0	0	0	0.000830565	0.00055371	0.000415282	0.000332226	0.000276855	0.000237304	0.000237304	0.000748034
2020-07-21	화	22	384	0	0	0	0	0.00055371	0.000415282	0.000332226	0.000276855	0.000237304	0.000237304	0.000748034
2020-07-22	수	22	503	0	0	0	0	0	0.000415282	0.000332226	0.000276855	0.000237304	0.000237304	0.000748034
2020-07-23	목	22	388	2	0.005154639	0	0	0	0	0.000332226	0.000276855	0.000237304	0.000237304	0.000748034
2020-07-24	금	22	319	2	0.006269592	0.005154639	0.00257732	0.001718213	0.00128866	0.001030928	0.001135961	0.000973681	0.000237304	0.000748034
2020-07-25	토	22	474	5	0.010548523	0.006269592	0.005712116	0.003808077	0.002856058	0.002284846	0.001904039	0.001869337	0.000237304	0.000748034
2020-07-26	일	23	319	1	0.003134796	0.010548523	0.008409058	0.007324252	0.005493189	0.004394551	0.003662126	0.003138965	0.003138965	0.001688135
2020-07-27	월	23	308	1	0.003246753	0.003134796	0.00684166	0.006650971	0.006276888	0.00502151	0.004184592	0.003586793	0.003138965	0.001688135
2020-07-28	화	23	460	2	0.004347826	0.003246753	0.003190775	0.005643358	0.005799916	0.005670861	0.004725717	0.004050615	0.003138965	0.001688135
2020-07-29	수	23	341	1	0.002932551	0.004347826	0.00379729	0.003576459	0.005319475	0.005509498	0.005450355	0.004671733	0.003138965	0.001688135
2020-07-30	목	23	345	0	0	0.002932551	0.003640189	0.003509044	0.003415482	0.00484209	0.005080007	0.005090669	0.003138965	0.001688135
2020-07-31	금	23	413	0	0	0	0.001466276	0.002426792	0.002631783	0.002732385	0.004035075	0.004354292	0.003138965	0.001688135
2020-08-01	토	23	454	1	0.002202643	0	0	0.000977517	0.001820094	0.002105426	0.002276988	0.003458636	0.003138965	0.001688135
2020-08-02	일	24	372	1	0.002688172	0.002202643	0.001101322	0.000734214	0.001283799	0.001896604	0.002121629	0.002266367	0.002266367	0.001688135
2020-08-03	월	24	273	0	0	0.002688172	0.002445408	0.001630272	0.001222704	0.001564673	0.002028532	0.002202564	0.002266367	0.001688135
2020-08-04	화	24	567	1	0.001763668	0	0.001344086	0.001630272	0.001222704	0.000978163	0.001303894	0.001738742	0.002266367	0.001688135
2020-08-05	수	24	484	0	0	0.001763668	0.000881834	0.001483947	0.001663621	0.001330897	0.001109081	0.001369576	0.002266367	0.001688135
2020-08-06	목	24	387	3	0.007751938	0	0.000881834	0.000587889	0.00111296	0.001330897	0.001109081	0.000950641	0.002266367	0.001688135
2020-08-07	금	24	169	0	0	0.007751938	0.003875969	0.003171869	0.002378902	0.002440756	0.00240107	0.00205806	0.002266367	0.001688135
2020-08-08	토	24	753	0	0	0	0.003875969	0.002583979	0.002378902	0.001903121	0.002033963	0.00205806	0.002266367	0.001688135
2020-08-09	일	25	486	0	0	0	0	0.002583979	0.001937984	0.001903121	0.001585934	0.001743397	0.001743397	0.002004882
2020-08-10	월	25	320	1	0.003125	0	0	0	0.001937984	0.001550388	0.001585934	0.001359372	0.001743397	0.002004882
2020-08-11	화	25	496	9	0.018145161	0.003125	0.0015625	0.001041667	0.00078125	0.002175388	0.001812823	0.001805801	0.001743397	0.002004882
2020-08-12	수	25	479	4	0.008350731	0.018145161	0.010635081	0.007090054	0.00531754	0.004254032	0.004837017	0.004146014	0.001743397	0.002004882
2020-08-13	목	25	438	2	0.00456621	0.008350731	0.013247946	0.009873631	0.007405223	0.005924178	0.004936815	0.005338976	0.001743397	0.002004882
2020-08-14	금	25	663	5	0.007541478	0.00456621	0.00645847	0.010354034	0.008546776	0.00683742	0.00569785	0.004883872	0.001743397	0.002004882
2020-08-15	토	25	1152	3	0.002604167	0.007541478	0.006053844	0.006819473	0.009650895	0.008345716	0.006954763	0.005961226	0.001743397	0.002004882
2020-08-16	일	26	660	7	0.010606061	0.002604167	0.005072822	0.004903952	0.005765646	0.008241549	0.007388791	0.00633325	0.00633325	0.002004882
2020-08-17	월	26	379	7	0.018469657	0.010606061	0.006605114	0.006917235	0.006329479	0.006733729	0.008635635	0.007848401	0.00633325	0.002004882
2020-08-18	화	26	744	7	0.009408602	0.018469657	0.014537859	0.010559961	0.009805341	0.008757514	0.008689717	0.010040495	0.00633325	0.002004882
2020-08-19	수	26	969	9	0.009287926	0.009408602	0.01393913	0.012828107	0.010272122	0.009725993	0.008866029	0.008792415	0.00633325	0.002004882
2020-08-20	목	26	972	15	0.015432099	0.009287926	0.009348264	0.012388728	0.011943061	0.010075282	0.009652982	0.0089263	0.00633325	0.002004882
