date	day	week	n	person	p.r	oneday	twoday	threeday	fourday	fiveday	sixday	sevenday
2020-03-07	토	2	481	2	0.004158004	0	0	0	0	0	0	0
2020-03-08	일	3	465	6	0.012903226	0.004158004	0	0	0	0	0	0
2020-03-09	월	3	455	4	0.008791209	0.012903226	0.008530615	0	0	0	0	0
2020-03-10	화	3	917	2	0.002181025	0.008791209	0.010847217	0.00861748	0	0	0	0
2020-03-11	수	3	959	8	0.008342023	0.002181025	0.005486117	0.007958487	0.007008366	0	0	0
2020-03-12	목	3	557	2	0.003590664	0.008342023	0.005261524	0.006438086	0.008054371	0.007275097	0	0
2020-03-13	금	3	760	1	0.001315789	0.003590664	0.005966344	0.004704571	0.00572623	0.007161629	0.006661025	0
2020-03-14	토	3	1284	0	0	0.001315789	0.002453227	0.004416159	0.003857375	0.004844142	0.006187323	0.00589742
2020-03-15	일	4	304	0	0	0	0.000657895	0.001635485	0.003312119	0.0030859	0.004036785	0.005303419
2020-03-16	월	4	115	0	0	0	0	0.000438596	0.001226613	0.002649695	0.002571584	0.003460102
2020-03-17	화	4	455	0	0	0	0	0	0.000328947	0.000981291	0.002208079	0.002204215
2020-03-18	수	4	418	3	0.007177033	0	0	0	0	0.000263158	0.000817742	0.00189264
2020-03-19	목	4	374	0	0	0.007177033	0.003588517	0.002392344	0.001794258	0.001435407	0.00141547	0.001726212
2020-03-20	금	4	525	1	0.001904762	0	0.003588517	0.002392344	0.001794258	0.001435407	0.001196172	0.00121326
2020-03-21	토	4	526	0	0	0.001904762	0.000952381	0.003027265	0.002270449	0.001816359	0.001513633	0.001297399
2020-03-22	일	5	264	1	0.003787879	0	0.000952381	0.000634921	0.002270449	0.001816359	0.001513633	0.001297399
2020-03-23	월	5	65	0	0	0.003787879	0.001893939	0.001897547	0.00142316	0.002573935	0.002144946	0.001838525
2020-03-24	화	5	390	0	0	0	0.001893939	0.001262626	0.00142316	0.001138528	0.002144946	0.001838525
2020-03-25	수	5	348	3	0.00862069	0	0	0.001262626	0.00094697	0.001138528	0.000948773	0.001838525
2020-03-26	목	5	294	1	0.003401361	0.00862069	0.004310345	0.002873563	0.003102142	0.002481714	0.002385555	0.002044761
2020-03-27	금	5	345	0	0	0.003401361	0.006011025	0.00400735	0.003005513	0.003161986	0.002634988	0.00253067
2020-03-28	토	5	379	2	0.005277045	0	0.00170068	0.00400735	0.003005513	0.00240441	0.002634988	0.002258561
2020-03-29	일	6	171	1	0.005847953	0.005277045	0.002638522	0.002892802	0.004324774	0.003459819	0.002883183	0.003012425
2020-03-30	월	6	150	0	0	0.005847953	0.005562499	0.003708333	0.00363159	0.00462941	0.003857841	0.003306721
2020-03-31	화	6	404	1	0.002475248	0	0.002923977	0.003708333	0.00278125	0.002905272	0.003857841	0.003306721
2020-04-01	수	6	368	3	0.008152174	0.002475248	0.001237624	0.0027744	0.003400061	0.002720049	0.002833601	0.003660328
2020-04-02	목	6	426	2	0.004694836	0.008152174	0.005313711	0.003542474	0.004118844	0.004350484	0.003625403	0.003593397
2020-04-03	금	6	352	1	0.002840909	0.004694836	0.006423505	0.005107419	0.003830564	0.004234042	0.004407876	0.003778179
2020-04-04	토	6	632	1	0.001582278	0.002840909	0.003767872	0.005229306	0.004540792	0.003632633	0.004001853	0.004184023
2020-04-05	일	7	128	0	0	0.001582278	0.002211594	0.003039341	0.004317549	0.003949089	0.003290907	0.0036562
2020-04-06	월	7	132	1	0.007575758	0	0.000791139	0.001474396	0.002279506	0.003454039	0.003290907	0.002820778
2020-04-07	화	7	331	1	0.003021148	0.007575758	0.003787879	0.003052679	0.002999736	0.003338756	0.004140992	0.003903029
2020-04-08	수	7	352	0	0	0.003021148	0.005298453	0.003532302	0.003044796	0.003004019	0.003285821	0.003981015
2020-04-09	목	7	376	1	0.002659574	0	0.001510574	0.003532302	0.002649226	0.002435837	0.002503349	0.002816418
2020-04-10	금	7	263	0	0	0.002659574	0.001329787	0.001893574	0.00331412	0.002651296	0.002473126	0.002525667
2020-04-11	토	7	273	0	0	0	0.001329787	0.000886525	0.001420181	0.002651296	0.002209413	0.002119823
2020-04-12	일	8	67	1	0.014925373	0	0	0.000886525	0.000664894	0.001136145	0.002209413	0.001893783
2020-04-13	월	8	70	0	0	0.014925373	0.007462687	0.004975124	0.004396237	0.00351699	0.003434349	0.004025979
2020-04-14	화	8	403	0	0	0	0.007462687	0.004975124	0.003731343	0.00351699	0.002930825	0.002943728
2020-04-15	수	8	207	0	0	0	0	0.004975124	0.003731343	0.002985075	0.002930825	0.002512135
2020-04-16	목	8	139	0	0	0	0	0	0.003731343	0.002985075	0.002487562	0.002512135
2020-04-17	금	8	350	0	0	0	0	0	0	0.002985075	0.002487562	0.002132196
2020-04-18	토	8	297	2	0.006734007	0	0	0	0	0	0.002487562	0.002132196
2020-04-19	일	9	244	0	0	0.006734007	0.003367003	0.002244669	0.001683502	0.001346801	0.001122334	0.003094197
2020-04-20	월	9	96	0	0	0	0.003367003	0.002244669	0.001683502	0.001346801	0.001122334	0.000962001
2020-04-21	화	9	305	0	0	0	0	0.002244669	0.001683502	0.001346801	0.001122334	0.000962001
2020-04-22	수	9	254	0	0	0	0	0	0.001683502	0.001346801	0.001122334	0.000962001
2020-04-23	목	9	187	0	0	0	0	0	0	0.001346801	0.001122334	0.000962001
2020-04-24	금	9	174	0	0	0	0	0	0	0	0.001122334	0.000962001
2020-04-25	토	9	192	0	0	0	0	0	0	0	0	0.000962001
2020-04-26	일	10	101	0	0	0	0	0	0	0	0	0
2020-04-27	월	10	89	1	0.011235955	0	0	0	0	0	0	0
2020-04-28	화	10	204	0	0	0.011235955	0.005617978	0.003745318	0.002808989	0.002247191	0.001872659	0.001605136
2020-04-29	수	10	156	1	0.006410256	0	0.005617978	0.003745318	0.002808989	0.002247191	0.001872659	0.001605136
2020-04-30	목	10	189	0	0	0.006410256	0.003205128	0.00588207	0.004411553	0.003529242	0.002941035	0.002520887
2020-05-01	금	10	181	0	0	0	0.003205128	0.002136752	0.004411553	0.003529242	0.002941035	0.002520887
2020-05-02	토	10	272	0	0	0	0	0.002136752	0.001602564	0.003529242	0.002941035	0.002520887
2020-05-03	일	11	115	0	0	0	0	0	0.001602564	0.001282051	0.002941035	0.002520887
2020-05-04	월	11	103	0	0	0	0	0	0	0.001282051	0.001068376	0.002520887
2020-05-05	화	11	360	0	0	0	0	0	0	0	0.001068376	0.000915751
2020-05-06	수	11	94	0	0	0	0	0	0	0	0	0.000915751
2020-05-07	목	11	206	0	0	0	0	0	0	0	0	0
2020-05-08	금	11	230	0	0	0	0	0	0	0	0	0
2020-05-09	토	11	181	0	0	0	0	0	0	0	0	0
2020-05-10	일	12	88	0	0	0	0	0	0	0	0	0
2020-05-11	월	12	181	0	0	0	0	0	0	0	0	0
2020-05-12	화	12	444	0	0	0	0	0	0	0	0	0
2020-05-13	수	12	481	0	0	0	0	0	0	0	0	0
2020-05-14	목	12	453	1	0.002207506	0	0	0	0	0	0	0
2020-05-15	금	12	383	0	0	0.002207506	0.001103753	0.000735835	0.000551876	0.000441501	0.000367918	0.000315358
2020-05-16	토	12	380	0	0	0	0.001103753	0.000735835	0.000551876	0.000441501	0.000367918	0.000315358
2020-05-17	일	13	325	0	0	0	0	0.000735835	0.000551876	0.000441501	0.000367918	0.000315358
2020-05-18	월	13	266	0	0	0	0	0	0.000551876	0.000441501	0.000367918	0.000315358
2020-05-19	화	13	232	0	0	0	0	0	0	0.000441501	0.000367918	0.000315358
2020-05-20	수	13	282	0	0	0	0	0	0	0	0.000367918	0.000315358
2020-05-21	목	13	422	1	0.002369668	0	0	0	0	0	0	0.000315358
2020-05-22	금	13	354	0	0	0.002369668	0.001184834	0.000789889	0.000592417	0.000473934	0.000394945	0.000338524
2020-05-23	토	13	417	0	0	0	0.001184834	0.000789889	0.000592417	0.000473934	0.000394945	0.000338524
2020-05-24	일	14	196	0	0	0	0	0.000789889	0.000592417	0.000473934	0.000394945	0.000338524
2020-05-25	월	14	114	0	0	0	0	0	0.000592417	0.000473934	0.000394945	0.000338524
2020-05-26	화	14	429	0	0	0	0	0	0	0.000473934	0.000394945	0.000338524
2020-05-27	수	14	456	0	0	0	0	0	0	0	0.000394945	0.000338524
2020-05-28	목	14	461	1	0.002169197	0	0	0	0	0	0	0.000338524
2020-05-29	금	14	480	0	0	0.002169197	0.001084599	0.000723066	0.000542299	0.000433839	0.000361533	0.000309885
2020-05-30	토	14	487	0	0	0	0.001084599	0.000723066	0.000542299	0.000433839	0.000361533	0.000309885
2020-05-31	일	15	398	0	0	0	0	0.000723066	0.000542299	0.000433839	0.000361533	0.000309885
2020-06-01	월	15	174	0	0	0	0	0	0.000542299	0.000433839	0.000361533	0.000309885
2020-06-02	화	15	471	0	0	0	0	0	0	0.000433839	0.000361533	0.000309885
2020-06-03	수	15	394	0	0	0	0	0	0	0	0.000361533	0.000309885
2020-06-04	목	15	651	0	0	0	0	0	0	0	0	0.000309885
2020-06-05	금	15	477	1	0.002096436	0	0	0	0	0	0	0
2020-06-06	토	15	516	1	0.001937984	0.002096436	0.001048218	0.000698812	0.000524109	0.000419287	0.000349406	0.000299491
2020-06-07	일	16	352	0	0	0.001937984	0.00201721	0.001344807	0.001008605	0.000806884	0.000672403	0.000576346
2020-06-08	월	16	185	0	0	0	0.000968992	0.001344807	0.001008605	0.000806884	0.000672403	0.000576346
2020-06-09	화	16	363	2	0.005509642	0	0	0.000645995	0.001008605	0.000806884	0.000672403	0.000576346
2020-06-10	수	16	797	0	0	0.005509642	0.002754821	0.001836547	0.001861907	0.001908812	0.001590677	0.001363437
2020-06-11	목	16	257	0	0	0	0.002754821	0.001836547	0.00137741	0.001489525	0.001590677	0.001363437
2020-06-12	금	16	750	0	0	0	0	0.001836547	0.00137741	0.001101928	0.001241271	0.001363437
2020-06-13	토	16	439	0	0	0	0	0	0.00137741	0.001101928	0.000918274	0.001063947
2020-06-14	일	17	353	0	0	0	0	0	0	0.001101928	0.000918274	0.000787092
2020-06-15	월	17	172	2	0.011627907	0	0	0	0	0	0.000918274	0.000787092
2020-06-16	화	17	509	0	0	0.011627907	0.005813953	0.003875969	0.002906977	0.002325581	0.001937984	0.002448221
2020-06-17	수	17	399	1	0.002506266	0	0.005813953	0.003875969	0.002906977	0.002325581	0.001937984	0.00166113
2020-06-18	목	17	421	3	0.007125891	0.002506266	0.001253133	0.004711391	0.003533543	0.002826835	0.002355695	0.002019168
2020-06-19	금	17	482	0	0	0.007125891	0.004816078	0.003210719	0.005315016	0.004252013	0.003543344	0.003037152
2020-06-20	토	17	411	2	0.00486618	0	0.003562945	0.003210719	0.002408039	0.004252013	0.003543344	0.003037152
2020-06-21	일	18	275	1	0.003636364	0.00486618	0.00243309	0.003997357	0.003624584	0.002899667	0.004354374	0.00373232
2020-06-22	월	18	285	2	0.007017544	0.003636364	0.004251272	0.002834181	0.003907109	0.00362694	0.00302245	0.004251801
2020-06-23	화	18	566	0	0	0.007017544	0.005326954	0.005173363	0.003880022	0.004529196	0.004192041	0.003593178
2020-06-24	수	18	626	1	0.001597444	0	0.003508772	0.003551302	0.003880022	0.003104018	0.00377433	0.003593178
2020-06-25	목	18	359	1	0.002785515	0.001597444	0.000798722	0.002871663	0.003062838	0.003423506	0.002852922	0.003463346
2020-06-26	금	18	399	3	0.007518797	0.002785515	0.00219148	0.001460986	0.002850126	0.003007373	0.003317174	0.002843292
2020-06-27	토	18	446	0	0	0.007518797	0.005152156	0.003967252	0.002975439	0.00378386	0.003759277	0.003917406
2020-06-28	일	19	169	1	0.00591716	0	0.003759398	0.003434771	0.002975439	0.002380351	0.003153217	0.003222238
2020-06-29	월	19	167	0	0	0.00591716	0.00295858	0.004478652	0.004055368	0.003563783	0.002969819	0.003548066
2020-06-30	화	19	485	0	0	0	0.00295858	0.001972387	0.003358989	0.003244294	0.002969819	0.002545559
2020-07-01	수	19	412	1	0.002427184	0	0	0.001972387	0.00147929	0.002687191	0.002703579	0.002545559
2020-07-02	목	19	429	3	0.006993007	0.002427184	0.001213592	0.000809061	0.002086086	0.001668869	0.002643857	0.002664094
2020-07-03	금	19	233	1	0.004291845	0.006993007	0.004710096	0.003140064	0.002355048	0.00306747	0.002556225	0.003265164
2020-07-04	토	19	470	0	0	0.004291845	0.005642426	0.004570679	0.003428009	0.002742407	0.003271533	0.002804171
2020-07-05	일	20	358	0	0	0	0.002145923	0.003761617	0.003428009	0.002742407	0.002285339	0.002804171
2020-07-06	월	20	177	1	0.005649718	0	0	0.001430615	0.002821213	0.002742407	0.002285339	0.001958862
2020-07-07	화	20	427	0	0	0.005649718	0.002824859	0.001883239	0.002485391	0.003386914	0.003226959	0.002765965
2020-07-08	수	20	427	6	0.014051522	0	0.002824859	0.001883239	0.001412429	0.001988313	0.002822428	0.002765965
2020-07-09	목	20	533	1	0.001876173	0.014051522	0.007025761	0.00656708	0.00492531	0.003940248	0.003998848	0.004426585
2020-07-10	금	20	571	0	0	0.001876173	0.007963847	0.005309232	0.005394353	0.004315482	0.003596235	0.003695608
2020-07-11	토	20	492	1	0.00203252	0	0.000938086	0.005309232	0.003981924	0.004315482	0.003596235	0.003082487
2020-07-12	일	21	219	0	0	0.00203252	0.00101626	0.001302898	0.004490054	0.003592043	0.003934989	0.003372848
2020-07-13	월	21	162	4	0.024691358	0	0.00101626	0.000677507	0.000977173	0.003592043	0.002993369	0.003372848
2020-07-14	화	21	327	0	0	0.024691358	0.012345679	0.008907959	0.00668097	0.00572001	0.007108596	0.006093082
2020-07-15	수	21	351	0	0	0	0.012345679	0.008230453	0.00668097	0.005344776	0.004766675	0.006093082
2020-07-16	목	21	357	0	0	0	0	0.008230453	0.00617284	0.005344776	0.00445398	0.004085722
2020-07-17	금	21	256	0	0	0	0	0	0.00617284	0.004938272	0.00445398	0.003817697
2020-07-18	토	21	362	0	0	0	0	0	0	0.004938272	0.004115226	0.003817697
2020-07-19	일	22	184	0	0	0	0	0	0	0	0.004115226	0.003527337
2020-07-20	월	22	228	1	0.004385965	0	0	0	0	0	0	0.003527337
2020-07-21	화	22	420	0	0	0.004385965	0.002192982	0.001461988	0.001096491	0.000877193	0.000730994	0.000626566
2020-07-22	수	22	382	1	0.002617801	0	0.002192982	0.001461988	0.001096491	0.000877193	0.000730994	0.000626566
2020-07-23	목	22	383	0	0	0.002617801	0.001308901	0.002334589	0.001750941	0.001400753	0.001167294	0.001000538
2020-07-24	금	22	263	0	0	0	0.001308901	0.0008726	0.001750941	0.001400753	0.001167294	0.001000538
2020-07-25	토	22	252	0	0	0	0	0.0008726	0.00065445	0.001400753	0.001167294	0.001000538
2020-07-26	일	23	226	0	0	0	0	0	0.00065445	0.00052356	0.001167294	0.001000538
2020-07-27	월	23	123	1	0.008130081	0	0	0	0	0.00052356	0.0004363	0.001000538
2020-07-28	화	23	429	1	0.002331002	0.008130081	0.004065041	0.002710027	0.00203252	0.001626016	0.001791314	0.001535412
2020-07-29	수	23	321	0	0	0.002331002	0.005230542	0.003487028	0.002615271	0.002092217	0.001743514	0.001868412
2020-07-30	목	23	404	0	0	0	0.001165501	0.003487028	0.002615271	0.002092217	0.001743514	0.001494441
2020-07-31	금	23	309	1	0.003236246	0	0	0.000777001	0.002615271	0.002092217	0.001743514	0.001494441
2020-08-01	토	23	350	0	0	0.003236246	0.001618123	0.001078749	0.001391812	0.002739466	0.002282888	0.001956761
2020-08-02	일	24	231	0	0	0	0.001618123	0.001078749	0.000809061	0.00111345	0.002282888	0.001956761
2020-08-03	월	24	245	0	0	0	0	0.001078749	0.000809061	0.000647249	0.000927875	0.001956761
2020-08-04	화	24	673	0	0	0	0	0	0.000809061	0.000647249	0.000539374	0.000795321
2020-08-05	수	24	781	0	0	0	0	0	0	0.000647249	0.000539374	0.000462321
2020-08-06	목	24	277	2	0.007220217	0	0	0	0	0	0.000539374	0.000462321
2020-08-07	금	24	358	0	0	0.007220217	0.003610108	0.002406739	0.001805054	0.001444043	0.001203369	0.00149378
2020-08-08	토	24	237	0	0	0	0.003610108	0.002406739	0.001805054	0.001444043	0.001203369	0.00103146
2020-08-09	일	25	233	1	0.004291845	0	0	0.002406739	0.001805054	0.001444043	0.001203369	0.00103146
2020-08-10	월	25	201	0	0	0.004291845	0.002145923	0.001430615	0.002878016	0.002302412	0.001918677	0.00164458
2020-08-11	화	25	437	2	0.004576659	0	0.002145923	0.001430615	0.001072961	0.002302412	0.001918677	0.00164458
2020-08-12	수	25	359	1	0.002785515	0.004576659	0.00228833	0.002956168	0.002217126	0.001773701	0.002681454	0.002298389
2020-08-13	목	25	372	1	0.002688172	0.002785515	0.003681087	0.002454058	0.002913505	0.002330804	0.001942337	0.002696319
2020-08-14	금	25	272	3	0.011029412	0.002688172	0.002736844	0.003350115	0.002512587	0.002868438	0.002390365	0.002048885
2020-08-15	토	25	344	2	0.005813953	0.011029412	0.006858792	0.005501033	0.00526994	0.004215952	0.004228601	0.003624515
2020-08-16	일	26	344	5	0.014534884	0.005813953	0.008421683	0.006510512	0.005579263	0.005378742	0.004482285	0.00445508
2020-08-17	월	26	413	4	0.00968523	0.014534884	0.010174419	0.010459416	0.008516605	0.007370387	0.006904766	0.005918371
2020-08-18	화	26	369	5	0.013550136	0.00968523	0.012110057	0.010011356	0.01026587	0.00875033	0.007756194	0.007301975
2020-08-19	수	26	561	3	0.005347594	0.013550136	0.011617683	0.012590083	0.010896051	0.010922723	0.009550298	0.0085839
2020-08-20	목	26	875	5	0.005714286	0.005347594	0.009448865	0.009527653	0.010779461	0.009786359	0.009993535	0.008949911
